446
65 25
52 74
47 4
76 2
94 83
41 41
64 78
1 1
83 38
80 5
52 52
56 81
42 93
47 4
47 4
84 30
64 78
71 97
52 74
36 16
29 26
35 57
3 61
41 41
25 65
91 7
81 73
48 37
41 41
36 16
97 71
7 91
48 37
38 19
7 91
19 38
64 78
30 84
42 93
78 64
90 8
7 91
25 72
35 57
73 81
91 7
73 49
50 30
78 64
81 56
52 52
5 80
90 8
93 42
36 16
83 94
79 42
81 73
36 16
81 73
90 8
69 33
39 8
41 41
1 1
84 30
39 8
69 33
97 34
19 19
57 35
69 33
63 63
36 16
5 80
3 61
57 35
56 81
25 65
25 72
71 97
83 38
41 41
17 17
33 69
90 8
35 37
41 41
25 72
39 8
78 64
73 49
56 81
74 52
41 41
17 17
84 30
37 48
97 71
34 97
77 41
1 1
72 25
36 16
65 25
63 63
35 57
5 80
94 83
81 73
71 97
1 1
42 93
29 26
76 2
77 41
93 42
39 8
17 17
5 80
16 36
35 57
90 8
80 5
73 81
65 25
25 72
52 52
1 1
71 97
36 16
1 1
49 73
94 83
83 38
97 71
81 56
93 42
7 91
57 35
1 1
19 38
76 2
81 73
91 7
36 16
3 61
37 35
5 80
41 77
25 65
90 8
97 50
52 52
2 76
49 73
84 30
3 61
91 7
33 69
8 90
42 93
30 50
42 79
81 56
41 77
35 37
33 69
25 65
48 37
73 81
90 8
35 37
93 42
83 38
16 36
17 17
93 42
4 47
69 33
91 7
49 73
50 97
38 19
50 97
63 63
41 77
37 48
63 63
17 17
35 57
41 41
35 37
56 81
17 17
17 17
38 19
25 65
81 56
97 50
30 50
26 29
13 49
38 19
76 2
64 78
83 94
65 25
50 97
47 4
91 7
47 4
37 35
47 4
91 7
3 61
97 71
3 61
3 61
35 57
97 50
41 41
84 30
41 41
41 41
52 74
41 41
30 50
49 73
77 41
52 52
93 42
63 63
97 71
71 97
69 33
97 71
56 81
19 19
48 37
74 52
77 41
5 80
50 97
41 41
19 38
65 25
63 63
19 38
1 1
26 29
42 79
48 37
72 25
73 81
33 69
36 16
69 33
47 4
72 25
3 61
25 72
30 50
65 25
47 4
81 56
77 41
91 7
33 69
97 34
41 41
52 74
48 37
49 13
41 41
35 57
77 41
73 49
97 34
91 7
25 72
38 19
81 73
2 76
83 38
61 3
65 25
97 34
81 73
50 97
78 64
61 3
52 52
57 35
97 34
41 41
76 2
33 69
7 91
61 3
5 80
57 35
57 35
17 17
50 30
63 63
80 5
17 17
1 1
37 48
37 48
52 74
35 37
97 34
80 5
39 8
63 63
93 42
50 30
65 25
38 83
35 57
30 84
13 49
73 49
97 71
50 97
73 81
36 16
7 91
90 8
52 74
80 5
76 2
49 73
97 50
38 83
37 48
25 72
35 37
35 37
61 3
49 73
65 25
97 71
29 26
34 97
5 80
42 93
81 73
57 35
81 73
93 42
69 33
39 8
52 74
30 84
52 52
30 84
47 4
33 69
42 93
17 17
65 25
97 34
38 19
29 26
90 8
16 36
52 74
90 8
64 78
35 37
8 39
30 84
73 81
81 56
38 83
2 76
49 73
19 38
19 38
71 97
30 84
39 8
38 83
1 1
81 73
49 13
35 57
5 80
49 73
50 97
41 77
16 36
17 17
52 52
78 64
1 1
41 77
80 5
8 39
97 34
30 84
72 25
57 35
97 50
50 30
49 73
77 41
30 50
91 7
97 71
37 48
80 5
25 65
64 78
41 41
19 19
64 78
49 73
47 4
35 57
50 97
17 17
13 49
50 97
73 81
3 61
71 97
56 81
37 48
34 97
39 8
42 79
37 48
42 79
69 33
52 74
76 2
56 81
39 8
37 48
33 69
41 41
42 93
